[102, 108, 97, 103, 123, 84, 104, 105, 115,32, 105, 115, 32, 97, 32, 102, 108, 97, 103, 125]

[12, 18, 7, 13, 33, -6, 14, 15, 25, -58, 15, 25, -58, 7, -58, 12, 18, 7, 13, 35]
You shoud add after tranpostion

12, 18, 7, 13
33, -6, 14, 15
25, -58, 15, 25
-58, 7, -58, 12
18, 7, 13, 35

row permute =(4,2,1,5,3)

-58, 7, -58, 12
33, -6, 14, 15
12, 18, 7, 13
18, 7, 13, 35
25, -58, 15, 25

Columnn Permute ==> (3,1,4,2)
-58,-58,12,7
14,33,1,-6
7,12,13,18
13,18,35,7
5,25,25,-58

Encrypted Message :: [-58,-58,12,7,14,33,1,-6,7,12,13,18,13,18,35,7,5,25,25,-58]



-58,-58,12,7
14,33,1,-6
7,12,13,18
13,18,35,7
5,25,25,-58

cloumn Permut (3,1,4,2)=>(1,2,3,4)
-58, 7, -58, 12
33, -6, 14, 15
12, 18, 7, 13
18, 7, 13, 35
25, -58, 15, 25

row Permute (4,2,1,5,3)
12, 18, 7, 13
33, -6, 14, 15
25, -58, 15, 25
-58, 7, -58, 12
18, 7, 13, 35

[12, 18, 7, 13, 33, -6, 14, 15, 25, -58, 15, 25, -58, 7, -58, 12, 18, 7, 13, 35]


Ans ==>flag{This is a flag}
Description ::
You have an encrypted message .
Encrypted Message :: [-58,-58,12,7,14,33,1,-6,7,12,13,18,13,18,35,7,5,25,25,-58]
The first letter of before encryption is [102] in ascii code.
Can you guess what is the flag ??


